160 120 236 1 
163 124 201 -1 
160 198 214 1 
191 110 21 -1 
150 80 102 -1 
43 101 128 -1 
98 77 155 -1 
26 7 111 -1 
209 162 200 1 
221 208 59 -1 
153 240 30 -1 
38 255 12 -1 
36 93 180 -1 
180 119 77 -1 
13 211 162 -1 
35 23 137 -1 
95 57 70 -1 
154 28 30 -1 
97 99 80 -1 
94 102 166 -1 
8 208 0 -1 
205 235 53 -1 
41 45 214 -1 
78 162 203 -1 
22 15 241 -1 
150 65 130 -1 
178 140 166 -1 
10 26 80 -1 
77 34 193 -1 
173 131 106 -1 
241 66 18 -1 
208 220 11 -1 
85 232 131 -1 
204 111 14 -1 
40 90 46 -1 
195 173 202 1 
68 226 90 -1 
238 190 137 1 
41 36 231 -1 
101 207 139 -1 
8 248 122 -1 
198 213 148 1 
94 19 161 -1 
119 249 35 -1 
226 26 55 -1 
101 242 231 1 
103 137 107 -1 
244 87 223 1 
7 226 186 -1 
246 70 28 -1 
109 46 228 -1 
174 25 53 -1 
120 162 49 -1 
127 106 100 -1 
46 95 231 -1 
219 150 49 -1 
58 37 77 -1 
37 154 148 -1 
78 147 58 -1 
83 20 110 -1 
50 106 132 -1 
90 142 35 -1 
127 37 182 -1 
184 211 210 1 
56 17 153 -1 
87 215 193 -1 
208 252 177 1 
247 67 245 1 
73 249 184 1 
24 40 218 -1 
181 208 224 1 
163 9 76 -1 
60 173 192 -1 
172 116 32 -1 
40 106 97 -1 
152 231 133 1 
210 162 89 -1 
9 60 141 -1 
214 91 62 -1 
33 158 103 -1 
178 50 223 -1 
27 55 200 -1 
72 217 113 -1 
98 107 140 -1 
148 58 88 -1 
176 35 225 -1 
151 68 41 -1 
90 246 217 1 
172 246 104 1 
16 125 129 -1 
141 183 10 -1 
4 76 99 -1 
85 70 106 -1 
213 197 96 1 
213 155 10 -1 
74 231 139 -1 
1 246 226 -1 
70 249 167 -1 
102 183 166 -1 
129 165 178 -1 
127 241 209 1 
12 43 98 -1 
55 105 84 -1 
243 64 173 -1 
245 83 170 -1 
109 49 137 -1 
6 20 94 -1 
156 212 82 -1 
22 71 76 -1 
114 210 106 -1 
48 136 164 -1 
223 236 14 -1 
153 121 150 -1 
119 74 80 -1 
72 83 48 -1 
63 192 65 -1 
91 113 54 -1 
133 92 40 -1 
177 60 47 -1 
91 84 98 -1 
71 186 146 -1 
144 232 182 1 
80 24 88 -1 
140 162 122 -1 
149 2 246 -1 
88 159 125 -1 
35 38 172 -1 
77 23 110 -1 
244 150 144 1 
32 45 253 -1 
158 172 52 -1 
112 113 200 -1 
217 146 84 -1 
140 47 36 -1 
141 92 86 -1 
147 62 85 -1 
52 12 105 -1 
108 41 7 -1 
134 40 87 -1 
221 66 219 1 
221 39 99 -1 
195 210 233 1 
247 185 202 1 
45 112 100 -1 
31 141 139 -1 
156 61 112 -1 
92 135 183 -1 
15 64 73 -1 
12 50 244 -1 
130 135 135 -1 
110 201 209 1 
201 227 42 -1 
139 131 137 -1 
67 68 11 -1 
179 4 34 -1 
134 14 47 -1 
136 40 218 -1 
183 17 153 -1 
65 197 95 -1 
96 251 186 1 
52 137 242 -1 
187 134 48 -1 
135 118 103 -1 
134 182 161 -1 
192 236 121 1 
77 38 60 -1 
71 145 75 -1 
234 220 87 1 
214 176 251 1 
230 199 171 1 
58 171 216 -1 
86 130 49 -1 
199 156 76 -1 
144 189 70 -1 
102 188 152 -1 
119 107 241 -1 
72 127 232 -1 
40 242 66 -1 
163 232 23 -1 
147 72 21 -1 
158 129 109 -1 
64 21 55 -1 
139 218 82 -1 
36 107 57 -1 
26 144 72 -1 
172 61 41 -1 
173 2 85 -1 
55 33 216 -1 
5 23 89 -1 
156 105 66 -1 
222 209 71 1 
186 195 39 -1 
79 223 82 -1 
71 188 209 -1 
67 204 109 -1 
74 136 139 -1 
166 134 95 -1 
198 129 26 -1 
226 223 47 -1 
236 28 54 -1 
52 67 26 -1 
143 191 225 1 
121 194 137 -1 
71 83 236 -1 
148 254 126 1 
61 121 92 -1 
188 121 13 -1 
130 81 201 -1 
100 164 93 -1 
241 127 91 -1 
61 45 61 -1 
172 19 236 -1 
119 192 176 -1 
91 131 188 -1 
227 82 202 1 
245 124 96 -1 
123 214 18 -1 
234 220 51 1 
250 47 59 -1 
78 193 145 -1 
237 215 211 1 
17 116 97 -1 
238 20 96 -1 
53 132 150 -1 
18 61 15 -1 
156 81 206 -1 
249 102 25 -1 
87 197 44 -1 
229 193 181 1 
71 94 0 -1 
66 172 32 -1 
165 123 40 -1 
2 162 103 -1 
109 72 58 -1 
107 33 194 -1 
13 191 55 -1 
5 142 247 -1 
166 143 177 -1 
202 54 211 -1 
142 52 92 -1 
1 204 82 -1 
112 113 32 -1 
101 86 145 -1 
208 168 130 1 
103 56 196 -1 
169 173 136 -1 
17 218 205 -1 
132 229 153 1 
26 210 194 -1 
177 226 170 1 
60 201 45 -1 
226 37 106 -1 
47 51 154 -1 
59 218 110 -1 
83 41 57 -1 
145 182 11 -1 
155 63 254 -1 
190 1 231 -1 
9 30 163 -1 
232 39 63 -1 
210 127 156 -1 
72 254 197 1 
112 224 36 -1 
25 134 152 -1 
116 111 218 -1 
245 143 114 1 
70 197 91 -1 
71 56 29 -1 
13 181 39 -1 
255 175 201 1 
194 9 25 -1 
191 100 138 -1 
30 196 107 -1 
106 89 92 -1 
191 238 219 1 
182 5 216 -1 
226 223 174 1 
172 98 214 -1 
76 226 88 -1 
211 104 176 -1 
136 152 85 -1 
137 91 148 -1 
96 3 133 -1 
175 15 203 -1 
24 16 13 -1 
101 194 222 1 
206 20 235 -1 
0 250 217 -1 
165 19 0 -1 
176 99 102 -1 
132 82 170 -1 
171 143 145 -1 
27 12 206 -1 
255 110 206 1 
152 14 54 -1 
85 178 233 -1 
154 66 104 -1 
96 118 182 -1 
215 224 186 1 
50 245 16 -1 
52 120 44 -1 
247 111 179 1 
61 153 176 -1 
198 86 247 1 
154 20 67 -1 
222 144 21 -1 
244 144 98 -1 
67 146 86 -1 
116 94 183 -1 
65 44 199 -1 
133 247 244 1 
209 173 33 -1 
253 32 183 -1 
71 124 231 -1 
69 28 203 -1 
154 80 35 -1 
214 255 229 1 
59 176 204 -1 
41 27 82 -1 
234 32 23 -1 
31 91 231 -1 
118 215 23 -1 
222 137 114 -1 
203 146 58 -1 
91 64 2 -1 
49 125 83 -1 
69 218 138 -1 
200 105 121 -1 
3 24 247 -1 
75 140 42 -1 
73 15 40 -1 
71 140 185 -1 
64 46 68 -1 
27 75 214 -1 
144 20 94 -1 
194 201 154 1 
229 255 102 1 
45 70 168 -1 
129 167 72 -1 
190 196 34 -1 
128 89 238 -1 
152 107 197 -1 
193 68 35 -1 
210 124 62 -1 
26 216 210 -1 
198 184 41 -1 
159 173 44 -1 
106 127 212 -1 
67 26 209 -1 
84 170 238 -1 
164 229 133 1 
241 111 84 -1 
246 74 140 -1 
103 172 123 -1 
227 82 104 -1 
65 69 22 -1 
248 237 146 1 
69 237 216 1 
221 169 25 -1 
216 105 228 1 
159 1 136 -1 
145 63 178 -1 
34 204 95 -1 
27 211 252 -1 
33 119 128 -1 
120 232 1 -1 
84 111 121 -1 
108 39 150 -1 
239 193 146 1 
133 197 27 -1 
206 113 51 -1 
55 19 190 -1 
49 246 237 1 
100 158 33 -1 
181 98 8 -1 
71 41 140 -1 
227 109 216 1 
228 28 93 -1 
28 62 36 -1 
200 245 90 1 
239 24 68 -1 
238 147 195 1 
162 209 145 1 
60 33 136 -1 
43 4 47 -1 
180 138 68 -1 
237 109 224 1 
101 74 132 -1 
53 125 90 -1 
149 225 239 1 
95 140 106 -1 
189 79 134 -1 
220 14 162 -1 
97 96 249 -1 
143 35 91 -1 
125 249 71 -1 
23 116 188 -1 
128 147 189 -1 
48 218 195 -1 
122 48 70 -1 
94 12 49 -1 
142 253 182 1 
133 70 39 -1 
62 32 227 -1 
187 161 225 1 
79 248 239 1 
169 97 78 -1 
178 82 110 -1 
10 224 209 -1 
189 230 38 -1 
201 24 115 -1 
130 14 184 -1 
100 160 142 -1 
245 209 254 1 
150 146 112 -1 
253 50 72 -1 
35 59 18 -1 
53 26 4 -1 
87 40 24 -1 
185 31 92 -1 
145 225 231 1 
6 142 56 -1 
95 102 151 -1 
147 115 63 -1 
12 129 0 -1 
160 210 179 1 
232 158 107 -1 
215 228 29 -1 
30 62 211 -1 
43 2 214 -1 
240 129 124 -1 
74 217 148 -1 
249 202 21 -1 
80 75 215 -1 
32 18 171 -1 
204 38 152 -1 
206 22 202 -1 
169 47 39 -1 
142 20 83 -1 
222 205 1 -1 
104 210 102 -1 
35 94 46 -1 
182 88 75 -1 
5 163 34 -1 
183 232 50 -1 
68 43 56 -1 
51 11 64 -1 
54 91 55 -1 
51 14 89 -1 
113 241 45 -1 
53 2 120 -1 
248 167 45 -1 
93 178 209 -1 
213 48 155 -1 
68 91 155 -1 
178 249 114 1 
1 61 127 -1 
127 133 43 -1 
111 130 132 -1 
201 209 223 1 
144 153 17 -1 
88 84 44 -1 
196 133 193 1 
197 117 138 -1 
90 24 121 -1 
100 130 15 -1 
199 35 40 -1 
115 165 145 -1 
81 167 5 -1 
98 141 2 -1 
92 155 143 -1 
88 225 66 -1 
192 16 244 -1 
92 238 206 1 
220 67 198 -1 
27 200 234 -1 
71 133 116 -1 
43 234 222 -1 
208 103 194 1 
192 95 188 -1 
121 42 35 -1 
234 180 65 -1 
69 146 17 -1 
104 249 182 1 
148 153 103 -1 
173 51 202 -1 
193 121 214 1 
71 39 78 -1 
239 112 73 -1 
85 181 3 -1 
92 57 204 -1 
10 41 216 -1 
22 240 236 -1 
117 85 197 -1 
218 51 33 -1 
134 23 39 -1 
226 137 56 -1 
90 55 112 -1 
93 33 136 -1 
208 79 202 -1 
91 191 12 -1 
52 64 157 -1 
180 44 61 -1 
33 184 112 -1 
193 103 206 1 
26 125 246 -1 
66 214 143 -1 
240 200 165 1 
205 130 54 -1 
44 59 97 -1 
30 119 11 -1 
147 140 240 1 
228 39 231 -1 
170 135 76 -1 
37 167 96 -1 
102 109 164 -1 
245 250 146 1 
246 173 2 -1 
151 163 217 1 
39 248 76 -1 
143 136 68 -1 
192 89 63 -1 
29 7 113 -1 
135 167 134 -1 
204 136 244 1 
91 250 23 -1 
32 133 120 -1 
68 54 109 -1 
232 162 78 -1 
101 69 43 -1 
217 89 27 -1 
52 52 92 -1 
105 176 125 -1 
29 239 210 -1 
181 34 70 -1 
169 21 175 -1 
69 177 212 -1 
184 4 79 -1 
95 155 216 -1 
75 98 158 -1 
162 188 8 -1 
1 205 160 -1 
15 75 130 -1 
77 126 214 -1 
139 38 22 -1 
9 175 152 -1 
200 170 77 -1 
54 231 135 -1 
94 212 246 1 
112 7 4 -1 
142 189 109 -1 
234 245 243 1 
125 94 187 -1 
246 228 138 1 
222 0 183 -1 
193 173 39 -1 
170 249 14 -1 
119 38 152 -1 
89 216 5 -1 
116 150 186 -1 
37 153 149 -1 
72 152 99 -1 
216 57 179 -1 
152 48 159 -1 
220 178 96 -1 
15 131 89 -1 
31 67 102 -1 
4 73 234 -1 
210 31 60 -1 
179 106 167 -1 
193 188 139 1 
14 69 121 -1 
72 115 124 -1 
225 182 157 1 
8 11 23 -1 
247 39 201 -1 
61 176 240 -1 
189 128 167 -1 
45 66 112 -1 
16 103 19 -1 
93 236 93 -1 
251 241 88 1 
178 18 221 -1 
63 68 218 -1 
218 162 79 -1 
105 56 190 -1 
72 56 72 -1 
108 231 130 -1 
45 225 224 -1 
41 169 144 -1 
98 231 199 1 
53 105 86 -1 
111 83 189 -1 
125 53 71 -1 
117 26 9 -1 
201 152 128 -1 
172 49 169 -1 
225 63 42 -1 
171 78 151 -1 
98 104 247 -1 
92 209 154 -1 
103 157 149 -1 
244 82 184 1 
246 205 35 -1 
51 35 191 -1 
255 144 105 1 
69 22 187 -1 
12 19 50 -1 
77 217 166 -1 
32 133 104 -1 
80 55 138 -1 
113 208 148 -1 
19 51 89 -1 
178 148 203 1 
212 7 124 -1 
130 2 238 -1 
46 146 32 -1 
157 227 168 1 
143 53 199 -1 
77 34 245 -1 
66 225 145 -1 
103 127 36 -1 
199 10 18 -1 
113 181 70 -1 
159 166 142 -1 
162 133 100 -1 
91 61 91 -1 
215 36 28 -1 
100 78 253 -1 
132 14 23 -1 
173 197 186 1 
195 187 247 1 
70 156 55 -1 
6 233 97 -1 
160 253 70 -1 
153 2 250 -1 
208 158 104 -1 
76 219 80 -1 
145 89 28 -1 
194 235 122 1 
168 152 182 1 
190 230 175 1 
95 148 77 -1 
169 252 177 1 
70 109 36 -1 
58 255 44 -1 
63 255 115 -1 
150 212 240 1 
132 225 61 -1 
67 148 18 -1 
174 164 157 -1 
92 110 184 -1 
107 206 178 -1 
161 85 166 -1 
137 172 103 -1 
74 248 99 -1 
201 212 98 1 
36 219 63 -1 
26 14 78 -1 
197 32 158 -1 
92 167 186 -1 
118 17 172 -1 
235 247 128 1 
239 121 254 1 
160 28 146 -1 
215 143 39 -1 
244 181 231 1 
165 209 57 -1 
211 91 148 -1 
129 158 76 -1 
42 235 151 -1 
141 60 60 -1 
37 105 133 -1 
31 19 231 -1 
50 10 89 -1 
169 4 95 -1 
186 21 206 -1 
86 221 78 -1 
189 134 196 1 
248 190 60 -1 
210 234 78 1 
148 216 9 -1 
239 75 14 -1 
28 118 115 -1 
43 42 123 -1 
228 68 35 -1 
46 6 146 -1 
188 15 167 -1 
170 75 227 -1 
39 62 43 -1 
191 171 13 -1 
118 213 86 -1 
45 97 56 -1 
116 117 81 -1 
190 75 144 -1 
177 183 239 1 
169 6 55 -1 
173 163 69 -1 
75 217 70 -1 
94 140 161 -1 
184 21 52 -1 
87 71 180 -1 
239 234 122 1 
236 123 184 1 
19 44 64 -1 
210 171 17 -1 
254 146 126 1 
17 204 32 -1 
206 138 155 -1 
184 96 67 -1 
205 193 150 1 
25 54 199 -1 
146 27 130 -1 
239 13 98 -1 
179 57 136 -1 
64 33 253 -1 
173 221 61 -1 
59 216 52 -1 
14 31 254 -1 
132 87 197 -1 
87 167 6 -1 
182 112 98 -1 
163 162 174 -1 
220 56 23 -1 
110 106 80 -1 
106 129 163 -1 
109 202 243 1 
70 163 164 -1 
146 176 198 1 
166 32 250 -1 
9 134 119 -1 
94 165 103 -1 
145 156 164 -1 
19 206 37 -1 
211 144 117 -1 
102 72 134 -1 
11 70 245 -1 
180 168 243 1 
72 81 61 -1 
131 211 126 -1 
79 110 170 -1 
22 118 221 -1 
36 19 190 -1 
244 123 104 -1 
171 169 189 1 
173 162 131 -1 
114 62 52 -1 
138 107 114 -1 
173 39 22 -1 
84 76 9 -1 
221 255 80 1 
75 22 248 -1 
50 233 74 -1 
40 60 87 -1 
132 249 204 1 
106 213 207 1 
172 5 32 -1 
173 229 25 -1 
203 238 186 1 
24 241 80 -1 
124 231 64 -1 
33 67 84 -1 
202 43 169 -1 
147 171 92 -1 
15 239 131 -1 
68 19 183 -1 
130 150 87 -1 
219 245 138 1 
3 249 242 -1 
130 196 148 -1 
28 187 136 -1 
44 64 193 -1 
150 83 215 -1 
124 57 109 -1 
105 11 134 -1 
225 40 86 -1 
138 123 3 -1 
66 138 102 -1 
255 154 195 1 
228 134 115 -1 
161 217 232 1 
95 12 190 -1 
123 49 61 -1 
6 28 22 -1 
25 254 52 -1 
207 247 79 1 
218 105 110 -1 
189 253 100 1 
161 140 14 -1 
100 79 222 -1 
16 166 235 -1 
183 150 30 -1 
186 248 149 1 
251 35 78 -1 
192 86 25 -1 
125 136 89 -1 
201 144 193 1 
198 127 106 -1 
81 197 3 -1 
5 75 34 -1 
156 10 97 -1 
158 37 239 -1 
130 244 193 1 
152 43 242 -1 
222 157 230 1 
222 156 192 1 
49 142 182 -1 
179 8 235 -1 
134 88 35 -1 
148 245 231 1 
21 240 136 -1 
195 49 186 -1 
34 206 140 -1 
54 121 224 -1 
0 121 167 -1 
164 171 230 1 
212 123 9 -1 
223 79 59 -1 
106 233 38 -1 
144 53 203 -1 
174 121 18 -1 
69 56 241 -1 
251 165 164 1 
12 188 26 -1 
82 1 116 -1 
12 138 65 -1 
88 204 63 -1 
174 250 231 1 
195 31 251 -1 
8 231 210 -1 
108 219 173 -1 
61 142 159 -1 
179 155 38 -1 
27 67 238 -1 
49 116 255 -1 
187 43 14 -1 
221 174 225 1 
236 98 97 -1 
58 63 222 -1 
6 45 170 -1 
131 90 171 -1 
154 77 66 -1 
16 122 189 -1 
199 90 222 1 
148 158 68 -1 
188 227 72 -1 
6 208 243 -1 
239 151 174 1 
201 152 209 1 
158 82 201 -1 
26 108 111 -1 
233 219 103 1 
149 172 51 -1 
127 246 133 1 
45 238 136 -1 
208 242 77 1 
187 129 79 -1 
221 15 129 -1 
36 217 63 -1 
137 84 48 -1 
59 44 12 -1 
138 172 10 -1 
65 156 82 -1 
138 190 246 1 
51 78 247 -1 
9 19 155 -1 
132 234 141 1 
69 38 131 -1 
157 71 194 -1 
36 74 19 -1 
235 49 222 1 
223 68 125 -1 
207 152 10 -1 
47 107 223 -1 
252 124 29 -1 
148 250 98 -1 
16 152 119 -1 
127 210 29 -1 
58 159 160 -1 
183 178 12 -1 
237 116 140 -1 
201 181 191 1 
7 229 81 -1 
132 29 165 -1 
110 242 84 -1 
241 13 159 -1 
194 154 102 -1 
69 166 36 -1 
227 37 176 -1 
166 108 77 -1 
249 227 157 1 
63 123 35 -1 
174 80 224 -1 
162 24 222 -1 
45 53 110 -1 
221 36 174 -1 
37 156 191 -1 
254 108 156 1 
176 93 168 -1 
48 91 239 -1 
148 51 82 -1 
35 130 147 -1 
17 202 175 -1 
123 42 61 -1 
69 23 6 -1 
55 16 89 -1 
212 243 177 1 
249 47 253 1 
138 246 160 1 
159 126 47 -1 
37 60 38 -1 
53 106 1 -1 
242 144 181 1 
66 95 145 -1 
220 137 64 -1 
138 31 207 -1 
228 206 51 -1 
158 192 245 1 
51 231 36 -1 
42 217 18 -1 
106 215 197 1 
138 24 236 -1 
89 62 44 -1 
15 31 226 -1 
36 132 141 -1 
129 4 64 -1 
106 208 245 1 
161 14 25 -1 
2 127 57 -1 
226 181 231 1 
56 145 130 -1 
139 173 20 -1 
0 44 85 -1 
60 86 151 -1 
216 241 108 1 
105 190 113 -1 
172 251 101 1 
241 162 194 1 
7 143 225 -1 
69 152 40 -1 
62 86 132 -1 
238 152 122 1 
58 160 7 -1 
181 178 75 -1 
185 145 252 1 
250 47 53 -1 
98 83 62 -1 
118 104 46 -1 
172 123 175 -1 
93 227 12 -1 
112 129 226 -1 
245 15 116 -1 
40 13 37 -1 
13 33 29 -1 
19 64 61 -1 
198 56 110 -1 
181 184 165 1 
114 184 240 1 
57 118 145 -1 
124 219 196 1 
65 72 202 -1 
251 204 187 1 
163 169 133 -1 
140 52 23 -1 
121 3 232 -1 
71 35 10 -1 
10 120 152 -1 
227 249 81 1 
91 241 216 1 
150 28 45 -1 
65 221 197 -1 
240 250 229 1 
86 109 167 -1 
81 69 254 -1 
37 101 47 -1 
121 34 241 -1 
5 61 68 -1 
28 9 61 -1 
87 197 59 -1 
77 146 99 -1 
59 55 77 -1 
203 231 150 1 
62 13 107 -1 
71 139 176 -1 
233 89 232 1 
211 67 183 -1 
45 142 17 -1 
122 200 141 -1 
86 168 205 -1 
96 7 112 -1 
81 33 19 -1 
89 58 41 -1 
41 190 159 -1 
52 43 210 -1 
108 9 209 -1 
223 6 250 -1 
211 3 42 -1 
181 133 144 -1 
141 202 171 1 
95 67 11 -1 
